{"DYS393":0.00167,
"DYS390":0.00167,
"DYS19":0.00167,
"DYS391":0.00167,
"DYS385a":0.00167,
"DYS385b":0.00167,
"DYS426":0.00167,
"DYS388":0.00167,
"DYS439":0.00167,
"DYS389i":0.00167,
"DYS392":0.00167,
"DYS389ii":0.00167}
