{"DYS393":0.08333,
"DYS390":0.08333,
"DYS19":0.08333,
"DYS391":0.08333,
"DYS385a":0.08333,
"DYS385b":0.08333,
"DYS426":0.08333,
"DYS388":0.08333,
"DYS439":0.08333,
"DYS389i":0.08333,
"DYS392":0.08333,
"DYS389ii":0.08333}
