{"DYS393":0.00076,
"DYS390":0.00311,
"DYS19":0.00151,
"DYS391":0.00265,
"DYS385a":0.00226,
"DYS385b":0.00226,
"DYS426":9e-05,
"DYS388":0.00022,
"DYS439":0.00477,
"DYS389i":0.00186,
"DYS392":0.00052,
"DYS389ii":0.00242}
