{"DYS393":0.0009880339,
"DYS390":0.0040431387,
"DYS19":0.0019630673,
"DYS391":0.0034451181,
"DYS385a":0.0029381008,
"DYS385b":0.0029381008,
"DYS426":0.000117004,
"DYS388":0.0002860098,
"DYS439":0.0062012127,
"DYS389i":0.0024180829,
"DYS392":0.0006760232,
"DYS389ii":0.0031461079,
"DYS458":0.00243,
"DYS459a":0.00243,
"DYS459b":0.00243,
"DYS455":0.00243,
"DYS454":0.00243,
"DYS447":0.00243,
"DYS437":0.00243,
"DYS448":0.00243,
"DYS449":0.00243,
"DYS464a":0.00243,
"DYS464b":0.00243,
"DYS464c":0.00243,
"DYS464d":0.00243,
"DYS460":0.00243,
"Y_GATA_H4":0.00243,
"YCAIIa":0.00243,
"YCAIIb":0.00243,
"DYS456":0.00243,
"DYS607":0.00243,
"DYS576":0.00243,
"DYS570":0.00243,
"CDYa":0.00243,
"CDYb":0.00243,
"DYS442":0.00243,
"DYS438":0.00243}
