{"DYS393":0.00243,
"DYS390":0.00243,
"DYS19":0.00243,
"DYS391":0.00243,
"DYS385a":0.00243,
"DYS385b":0.00243,
"DYS426":0.00243,
"DYS388":0.00243,
"DYS439":0.00243,
"DYS389i":0.00243,
"DYS392":0.00243,
"DYS389ii":0.00243,
"DYS458":0.00243,
"DYS459a":0.00243,
"DYS459b":0.00243,
"DYS455":0.00243,
"DYS454":0.00243,
"DYS447":0.00243,
"DYS437":0.00243,
"DYS448":0.00243,
"DYS449":0.00243,
"DYS464a":0.00243,
"DYS464b":0.00243,
"DYS464c":0.00243,
"DYS464d":0.00243,
"DYS460":0.00243,
"Y_GATA_H4":0.00243,
"YCAIIa":0.00243,
"YCAIIb":0.00243,
"DYS456":0.00243,
"DYS607":0.00243,
"DYS576":0.00243,
"DYS570":0.00243,
"CDYa":0.00243,
"CDYb":0.00243,
"DYS442":0.00243,
"DYS438":0.00243}
