{"DYS393":0.00243,
"DYS390":0.00243,
"DYS19":0.00243,
"DYS391":0.00243,
"DYS385a":0.00243,
"DYS385b":0.00243,
"DYS426":0.00243,
"DYS388":0.00243,
"DYS439":0.00243,
"DYS389i":0.00243,
"DYS392":0.00243,
"DYS389ii":0.00243,
"DYS458":0.00243,
"DYS459a":0.00243,
"DYS459b":0.00243,
"DYS455":0.00243,
"DYS454":0.00243,
"DYS447":0.00243,
"DYS437":0.00243,
"DYS448":0.00243,
"DYS449":0.00243,
"DYS464a":0.00243,
"DYS464b":0.00243,
"DYS464c":0.00243,
"DYS464d":0.00243,
"DYS460":0.00243,
"Y_GATA_H4":0.00243,
"YCAIIa":0.00243,
"YCAIIb":0.00243,
"DYS456":0.00243,
"DYS607":0.00243,
"DYS576":0.00243,
"DYS570":0.00243,
"CDYa":0.00243,
"CDYb":0.00243,
"DYS442":0.00243,
"DYS438":0.00243,
"DYS531":0,
"DYS578":0,
"DYF395S1a":0,
"DYF395S1b":0,
"DYS590":0,
"DYS537":0,
"DYS641":0,
"DYS472":0,
"DYF406S1":0,
"DYS511":0,
"DYS425":0,
"DYS413a":0,
"DYS413b":0,
"DYS557":0,
"DYS594":0,
"DYS436":0,
"DYS490":0,
"DYS534":0,
"DYS450":0,
"DYS444":0,
"DYS481":0,
"DYS520":0,
"DYS446":0,
"DYS617":0,
"DYS568":0,
"DYS487":0,
"DYS572":0,
"DYS640":0,
"DYS492":0,
"DYS565":0,
"DYS710":0,
"DYS485":0,
"DYS632":0,
"DYS495":0,
"DYS540":0,
"DYS714":0,
"DYS716":0,
"DYS717":0,
"DYS505":0,
"DYS556":0,
"DYS549":0,
"DYS589":0,
"DYS522":0,
"DYS494":0,
"DYS533":0,
"DYS636":0,
"DYS575":0,
"DYS638":0,
"DYS462":0,
"DYS452":0,
"DYS445":0,
"Y_GATA_A10":0,
"DYS463":0,
"DYS441":0,
"Y_GGAAT_1B07":0,
"DYS525":0,
"DYS712":0,
"DYS593":0,
"DYS650":0,
"DYS532":0,
"DYS715":0,
"DYS504":0,
"DYS513":0,
"DYS561":0,
"DYS552":0,
"DYS726":0,
"DYS635":0,
"DYS587":0,
"DYS643":0,
"DYS497":0,
"DYS510":0,
"DYS434":0,
"DYS461":0,
"DYS435":0}
