{"DYS393":0.027027,
"DYS390":0.027027,
"DYS19":0.027027,
"DYS391":0.027027,
"DYS385a":0.027027,
"DYS385b":0.027027,
"DYS426":0.027027,
"DYS388":0.027027,
"DYS439":0.027027,
"DYS389i":0.027027,
"DYS392":0.027027,
"DYS389ii":0.027027,
"DYS458":0.027027,
"DYS459a":0.027027,
"DYS459b":0.027027,
"DYS455":0.027027,
"DYS454":0.027027,
"DYS447":0.027027,
"DYS437":0.027027,
"DYS448":0.027027,
"DYS449":0.027027,
"DYS464a":0.027027,
"DYS464b":0.027027,
"DYS464c":0.027027,
"DYS464d":0.027027,
"DYS460":0.027027,
"Y_GATA_H4":0.027027,
"YCAIIa":0.027027,
"YCAIIb":0.027027,
"DYS456":0.027027,
"DYS607":0.027027,
"DYS576":0.027027,
"DYS570":0.027027,
"CDYa":0.027027,
"CDYb":0.027027,
"DYS442":0.027027,
"DYS438":0.027027}
